DISCARDED CHROMOSOMES: [16.06364778  9.72072171  9.72072171]
[23.86569316 19.58156339 17.52276708 16.06364778]
NORMALIZED CHROMOSOMES COSTS: [7.802045376357992, 3.5179156049068325, 1.4591192999240334, 0.0]

SUM NCC: 12.779080281188858
SELECTED_POPULATION [[0 1 0 1 1]
 [0 0 1 0 1]
 [0 1 0 1 0]
 [0 0 0 1 1]]

SUM PI VALUES: [0.         0.11418031 0.27528707 0.61053262]
SUM PI: [0.         0.11418031 0.38946738 1.        ]
RANDOM NUM: 0.1321258852430406
RANDOM NUM: 0.3406681120709184
RANDOM NUM: 0.34637626028602697
RANDOM NUM: 0.44702969553654304
MOTHERS:
[[0 1 0 1 0]
 [0 1 0 1 0]]
FATHERS:
[[0 1 0 1 0]
 [0 0 0 1 1]]